1	1318.02	1
2	1338.43	1
3	1290.03	1
4	1286.25	1
5	1352.52	1
6	1295.07	1
7	1296.51	1
8	1418.16	1
9	1361.67	1
10	1347.57	1
11	1455.95	1
12	1241.4	1
13	1219.38	1
14	1338.39	1
15	1245.42	1
16	1260.03	1
17	1255.83	1
18	1419.73	1
19	1378.05	1
20	1423.11	1
21	1326.24	1
22	1290.51	1
23	1382.25	1
24	1297.98	1
25	1342.04	1
26	1390.51	1
27	1288.14	1
28	1391.85	1
29	1348.8	1
30	1222.2	1
31	1329	1
32	1327.71	1
33	1306.17	1
34	1254.24	1
35	1319.28	1
36	1422.87	1
37	1247.79	1
38	1408.38	1
39	1459.33	1
40	1257	1
41	1297.11	1
42	1274.97	1
43	1230.42	1
44	1304.22	1
45	1378.6	1
46	1299.84	1
47	1419.57	1
48	1355.52	1
49	1331.46	1
50	1422.63	1
51	1279.47	1
52	1386.93	1
53	1281.54	1
54	1384.08	1
55	1487.79	1
56	1290.45	1
57	1279.2	1
58	1320.84	1
59	1354.17	1
60	1312.8	1
61	1455.44	1
62	1425.02	2
63	1417.43	2
64	1454.03	2
65	1328.25	2
66	1411.52	2
67	1310.07	2
68	1433.51	2
69	1493.16	2
70	1454.67	2
71	1493.57	2
72	1414.95	2
73	1346.4	2
74	1383.38	2
75	1446.39	2
76	1378.42	2
77	1336.03	2
78	1360.83	2
78	1351.73	2
80	1394.05	2
81	1484.61	2
82	1431.24	2
83	1455.51	2
84	1363.25	2
85	1466.98	2
86	1366.04	2
87	1339.51	2
88	1485.14	2
89	1320.85	2
90	1363.8	2
91	1452.2	2